30647 75546 1 1
0 0 1 634
0 0 2 271
0 0 20593 1398
0 0 23758 936
0 1 0 634
0 1 2 235
0 1 13291 538
0 2 0 271
0 2 1 235
0 2 20802 639
0 2 21186 1672
0 3 4 24
0 3 5 70
0 3 13295 61
0 4 3 24
0 4 13291 685
0 5 3 70
0 5 6 161
0 5 13294 7
0 6 5 161
0 6 7 130
0 6 20 214
0 6 32 292
0 7 6 130
0 7 13292 1285
0 8 9 166
0 8 15 104
0 8 19 173
0 9 8 166
0 9 12 58
0 9 15 126
0 10 11 364
0 10 48 236
0 10 12404 41
0 11 10 364
0 12 9 58
0 12 13 104
0 12 23 137
0 13 12 104
0 13 14 54
0 13 23 119
0 14 13 54
0 15 8 104
0 15 9 126
0 15 27 256
0 16 17 1055
0 16 18 13
0 16 21168 724
0 17 16 1055
0 18 16 13
0 18 31 178
0 18 135 7736
0 19 8 173
0 19 24 50
0 19 29 349
0 20 6 214
0 20 21 137
0 20 30 301
0 21 20 137
0 21 22 443
0 21 30 220
0 22 21 443
0 22 12404 918
0 22 13295 340
0 23 12 137
0 23 13 119
0 23 27 191
0 24 19 50
0 24 25 137
0 24 26 115
0 25 24 137
0 25 26 119
0 25 28 58
0 26 24 115
0 26 25 119
0 26 34 400
0 27 15 256
0 27 23 191
0 27 41 655
0 28 25 58
0 28 33 493
0 28 36 439
0 29 19 349
0 29 38 378
0 29 42 504
0 30 20 301
0 30 21 220
0 30 32 142
0 30 35 135
0 31 18 178
0 31 39 80
0 31 54 868
0 32 6 292
0 32 30 142
0 32 35 35
0 33 28 493
0 34 26 400
0 34 37 281
0 35 30 135
0 35 32 35
0 35 52 227
0 36 28 439
0 36 37 101
0 36 43 342
0 37 34 281
0 37 36 101
0 38 29 378
0 39 31 80
0 39 40 2873
0 39 131 961
0 40 39 2873
0 41 27 655
0 41 42 119
0 41 48 295
0 42 29 504
0 42 41 119
0 42 49 292
0 43 36 342
0 44 58 79
0 44 21219 77
0 45 46 205
0 45 47 20
0 46 45 205
0 46 21219 580
0 47 45 20
0 47 53 169
0 47 57 157
0 48 10 236
0 48 41 295
0 48 63 93
0 49 42 292
0 49 68 522
0 49 12405 382
0 50 51 239
0 50 53 139
0 50 60 158
0 51 50 239
0 52 35 227
0 52 55 81
0 52 67 170
0 53 47 169
0 53 50 139
0 53 59 124
0 54 31 868
0 55 52 81
0 55 56 63
0 55 61 106
0 56 55 63
0 57 47 157
0 57 58 40
0 57 69 155
0 58 44 79
0 58 57 40
0 58 69 69
0 59 53 124
0 59 62 92
0 59 65 74
0 60 50 158
0 61 55 106
0 61 72 439
0 62 59 92
0 63 48 93
0 63 64 227
0 63 68 16
0 64 63 227
0 65 59 74
0 65 70 250
0 65 11993 157
0 66 67 29
0 66 68 35
0 66 79 247
0 67 52 170
0 67 66 29
0 67 79 315
0 68 49 522
0 68 63 16
0 68 66 35
0 68 80 216
0 68 13599 263
0 69 57 155
0 69 58 69
0 69 75 41
0 70 65 250
0 70 71 83
0 70 11991 106
0 71 70 83
0 72 61 439
0 72 73 1354
0 72 92 1148
0 73 72 1354
0 74 75 54
0 74 76 14
0 74 85 246
0 74 89 189
0 75 69 41
0 75 74 54
0 75 76 58
0 76 74 14
0 76 75 58
0 76 90 186
0 77 78 194
0 77 94 202
0 77 13330 947
0 78 77 194
0 78 13271 479
0 78 21171 1329
0 79 66 247
0 79 67 315
0 79 13599 58
0 80 68 216
0 80 83 7
0 80 11990 50
0 81 82 103
0 81 90 385
0 81 11991 67
0 82 81 103
0 83 80 7
0 83 84 30
0 84 83 30
0 84 85 220
0 84 86 50
0 85 74 246
0 85 84 220
0 85 86 52
0 85 87 121
0 86 84 50
0 86 85 52
0 86 88 61
0 87 85 121
0 87 88 22
0 87 89 128
0 88 86 61
0 88 87 22
0 88 11996 567
0 89 74 189
0 89 87 128
0 89 93 241
0 89 11995 284
0 90 76 186
0 90 81 385
0 90 91 158
0 90 93 94
0 91 90 158
0 91 11992 306
0 91 12400 77
0 92 72 1148
0 93 89 241
0 93 90 94
0 93 96 104
0 94 77 202
0 94 95 1966
0 94 100 86
0 95 94 1966
0 96 93 104
0 96 109 257
0 96 12400 567
0 97 98 34
0 97 99 63
0 97 126 229
0 98 97 34
0 98 99 43
0 98 11995 9
0 99 97 63
0 99 98 43
0 99 11996 54
0 100 94 86
0 100 12075 96
0 101 102 205
0 101 109 337
0 101 13310 328
0 102 101 205
0 103 104 34
0 103 105 50
0 103 118 96
0 104 103 34
0 104 108 295
0 104 13593 50
0 105 103 50
0 105 108 68
0 105 115 160
0 106 107 306
0 107 106 306
0 107 117 314
0 107 122 336
0 108 104 295
0 108 105 68
0 108 115 29
0 109 96 257
0 109 101 337
0 109 12402 34
0 110 111 608
0 110 117 344
0 110 205 874
0 110 13264 942
0 111 110 608
0 111 21392 3514
0 112 113 239
0 112 114 344
0 112 12010 205
0 113 112 239
0 113 11841 1188
0 113 12009 508
0 114 112 344
0 115 105 160
0 115 108 29
0 115 119 43
0 116 117 421
0 117 107 314
0 117 110 344
0 117 116 421
0 118 103 96
0 118 120 108
0 118 124 125
0 119 115 43
0 119 121 234
0 119 123 151
0 120 118 108
0 121 119 234
0 122 107 336
0 122 128 128
0 122 147 745
0 123 119 151
0 123 129 232
0 123 140 133
0 124 118 125
0 124 131 42
0 125 126 41
0 125 127 133
0 125 144 70
0 126 97 229
0 126 125 41
0 126 11818 108
0 127 125 133
0 128 122 128
0 128 129 73
0 129 123 232
0 129 128 73
0 129 130 248
0 129 140 198
0 130 129 248
0 130 13270 2196
0 131 39 961
0 131 124 42
0 131 132 14
0 131 239 296
0 132 131 14
0 132 153 835
0 132 157 303
0 133 134 202
0 133 137 86
0 133 148 763
0 134 133 202
0 134 136 220
0 134 13332 4190
0 135 18 7736
0 135 148 147
0 135 21217 1087
0 136 134 220
0 136 137 223
0 136 146 904
0 137 133 86
0 137 136 223
0 137 143 148
0 138 139 277
0 138 141 277
0 138 142 90
0 139 138 277
0 140 123 133
0 140 129 198
0 140 145 140
0 141 138 277
0 142 138 90
0 142 144 69
0 142 199 340
0 143 137 148
0 144 125 70
0 144 142 69
0 144 155 84
0 145 140 140
0 145 164 3067
0 146 136 904
0 146 148 261
0 146 170 559
0 147 122 745
0 148 133 763
0 148 135 147
0 148 146 261
0 149 150 3445
0 149 169 580
0 150 149 3445
0 151 152 122
0 151 11819 108
0 151 11820 76
0 152 151 122
0 152 12610 25
0 153 132 835
0 153 154 263
0 153 228 3312
0 154 153 263
0 155 144 84
0 155 156 281
0 155 159 10
0 156 155 281
0 157 132 303
0 157 158 1379
0 157 171 433
0 158 157 1379
0 159 155 10
0 159 213 482
0 159 11819 119
0 160 161 490
0 161 160 490
0 161 195 1674
0 161 14219 1321
0 162 163 130
0 162 166 1015
0 162 11820 763
0 163 162 130
0 164 145 3067
0 164 165 983
0 164 180 893
0 165 164 983
0 166 162 1015
0 167 168 14
0 167 214 259
0 167 13312 17
0 168 167 14
0 168 13308 265
0 168 13312 17
0 169 149 580
0 169 170 168
0 169 173 34
0 170 146 559
0 170 169 168
0 171 157 433
0 171 172 1238
0 171 175 31
0 172 171 1238
0 173 169 34
0 173 174 77
0 173 177 47
0 174 173 77
0 174 243 1328
0 175 171 31
0 175 176 54
0 176 175 54
0 176 178 673
0 176 186 380
0 177 173 47
0 177 179 144
0 177 185 170
0 178 176 673
0 178 179 396
0 178 182 443
0 179 177 144
0 179 178 396
0 179 182 83
0 180 164 893
0 180 181 1127
0 180 201 702
0 181 180 1127
0 182 178 443
0 182 179 83
0 182 11609 95
0 183 184 281
0 183 185 73
0 183 194 107
0 184 183 281
0 185 177 170
0 185 183 73
0 185 191 227
0 186 176 380
0 186 189 40
0 186 190 270
0 187 188 50
0 187 202 320
0 188 187 50
0 189 186 40
0 189 196 151
0 189 11609 250
0 190 186 270
0 190 212 2430
0 191 185 227
0 191 198 132
0 191 200 128
0 192 193 1120
0 192 203 209
0 192 227 2812
0 193 192 1120
0 193 203 3031
0 193 11844 414
0 194 183 107
0 194 196 71
0 194 197 122
0 195 161 1674
0 195 209 360
0 195 14207 698
0 196 189 151
0 196 194 71
0 196 204 68
0 196 11609 171
0 197 194 122
0 197 204 245
0 197 206 126
0 198 191 132
0 198 210 123
0 199 142 340
0 199 277 929
0 199 13298 3280
0 200 191 128
0 200 226 1465
0 201 180 702
0 201 222 340
0 202 187 320
0 202 213 547
0 203 192 209
0 203 193 3031
0 203 230 1501
0 204 196 68
0 204 197 245
0 204 208 86
0 205 110 874
0 205 207 52
0 206 197 126
0 207 205 52
0 207 211 221
0 207 219 152
0 208 204 86
0 208 410 4399
0 209 195 360
0 210 198 123
0 210 217 52
0 210 224 1022
0 211 207 221
0 211 218 1440
0 212 190 2430
0 213 159 482
0 213 202 547
0 213 214 34
0 214 167 259
0 214 213 34
0 214 223 52
0 215 216 2686
0 215 222 158
0 216 215 2686
0 217 210 52
0 217 225 137
0 217 13302 454
0 218 211 1440
0 219 207 152
0 219 220 104
0 219 221 100
0 220 219 104
0 221 219 100
0 221 222 13
0 221 11673 64
0 222 201 340
0 222 215 158
0 222 221 13
0 223 214 52
0 223 235 109
0 223 236 100
0 224 210 1022
0 225 217 137
0 225 240 1112
0 225 13564 1076
0 226 200 1465
0 226 240 976
0 226 265 1170
0 227 192 2812
0 227 230 162
0 227 289 3002
0 228 153 3312
0 228 229 367
0 228 268 1508
0 229 228 367
0 230 203 1501
0 230 227 162
0 230 280 1717
0 231 232 272
0 231 233 187
0 232 231 272
0 232 237 85
0 232 11672 131
0 233 231 187
0 233 234 1325
0 233 248 760
0 234 233 1325
0 235 223 109
0 235 236 8
0 235 11846 10
0 235 13605 126
0 236 223 100
0 236 235 8
0 237 232 85
0 237 244 286
0 237 246 74
0 238 239 640
0 238 251 180
0 238 11665 120
0 239 131 296
0 239 238 640
0 239 262 4097
0 240 225 1112
0 240 226 976
0 240 259 587
0 241 242 2005
0 241 249 173
0 241 263 767
0 242 241 2005
0 242 13299 1530
0 242 13331 5112
0 243 174 1328
0 243 342 860
0 243 14208 1246
0 244 237 286
0 244 247 9
0 244 256 77
0 245 21676 2660
0 246 237 74
0 246 255 128
0 246 258 82
0 247 244 9
0 247 257 180
0 248 233 760
0 249 241 173
0 249 250 1678
0 249 252 104
0 250 249 1678
0 251 238 180
0 251 255 101
0 252 249 104
0 252 253 29
0 252 254 40
0 253 252 29
0 253 11723 259
0 254 252 40
0 254 270 355
0 255 246 128
0 255 251 101
0 255 269 389
0 256 244 77
0 256 257 101
0 257 247 180
0 257 256 101
0 257 266 925
0 258 246 82
0 258 272 380
0 258 275 277
0 259 240 587
0 260 261 2131
0 260 271 337
0 261 260 2131
0 262 239 4097
0 262 268 62
0 262 11665 337
0 263 241 767
0 263 264 2081
0 263 267 731
0 263 13333 1318
0 264 263 2081
0 265 226 1170
0 266 257 925
0 267 263 731
0 267 270 83
0 268 228 1508
0 268 262 62
0 268 282 612
0 268 361 395
0 269 255 389
0 269 399 3038
0 270 254 355
0 270 267 83
0 270 278 200
0 271 260 337
0 271 279 263
0 271 285 266
0 272 258 380
0 272 13263 1357
0 273 274 139
0 273 279 207
0 273 11723 200
0 274 273 139
0 275 258 277
0 275 457 1470
0 276 277 292
0 277 199 929
0 277 276 292
0 277 281 129
0 278 270 200
0 278 283 293
0 278 284 115
0 279 271 263
0 279 273 207
0 279 283 59
0 280 230 1717
0 280 289 378
0 280 308 965
0 281 277 129
0 281 290 120
0 282 268 612
0 283 278 293
0 283 279 59
0 283 285 49
0 284 278 115
0 284 288 119
0 285 271 266
0 285 283 49
0 285 293 101
0 286 287 275
0 286 316 116
0 286 325 1220
0 287 286 275
0 287 13264 517
0 288 284 119
0 289 227 3002
0 289 280 378
0 289 308 482
0 290 281 120
0 290 293 11
0 290 11755 99
0 291 292 274
0 291 297 317
0 291 11707 194
0 292 291 274
0 292 11719 137
0 292 21720 288
0 293 285 101
0 293 290 11
0 293 294 11
0 294 293 11
0 294 298 49
0 294 303 104
0 295 296 160
0 295 301 137
0 295 304 347
0 296 295 160
0 297 291 317
0 297 305 35
0 297 11721 40
0 298 294 49
0 298 299 50
0 298 306 70
0 299 298 50
0 299 300 31
0 299 302 101
0 299 315 142
0 300 299 31
0 301 295 137
0 301 321 87
0 301 13837 163
0 302 299 101
0 302 303 52
0 302 320 180
0 303 294 104
0 303 302 52
0 303 319 104
0 304 295 347
0 305 297 35
0 305 332 144
0 306 298 70
0 306 307 104
0 306 309 13
0 307 306 104
0 307 317 187
0 307 11755 54
0 308 280 965
0 308 289 482
0 308 312 115
0 309 306 13
0 309 315 58
0 309 317 50
0 310 311 3182
0 310 322 122
0 311 310 3182
0 312 308 115
0 312 11854 158
0 312 11855 565
0 313 314 54
0 313 322 166
0 314 313 54
0 315 299 142
0 315 309 58
0 315 320 67
0 316 286 116
0 316 339 194
0 316 13260 84
0 317 307 187
0 317 309 50
0 317 318 23
0 318 317 23
0 318 324 97
0 318 328 71
0 319 303 104
0 319 341 130
0 319 356 491
0 320 302 180
0 320 315 67
0 320 327 99
0 321 301 87
0 321 323 77
0 321 348 135
0 322 310 122
0 322 313 166
0 322 326 70
0 323 321 77
0 324 318 97
0 325 286 1220
0 325 352 675
0 326 322 70
0 326 328 146
0 326 330 79
0 327 320 99
0 328 318 71
0 328 326 146
0 328 329 48
0 329 328 48
0 329 351 218
0 329 357 227
0 330 326 79
0 330 331 551
0 330 343 78
0 330 351 256
0 331 330 551
0 331 343 184
0 331 11788 228
0 332 305 144
0 332 333 41
0 332 347 42
0 333 332 41
0 333 334 176
0 333 337 74
0 333 353 112
0 334 333 176
0 335 336 126
0 335 338 72
0 336 335 126
0 337 333 74
0 338 335 72
0 338 388 419
0 338 13601 142
0 339 316 194
0 339 364 1202
0 339 458 736
0 340 341 102
0 340 356 140
0 340 358 66
0 341 319 130
0 341 340 102
0 341 12415 29
0 342 243 860
0 342 360 198
0 342 11854 439
0 343 330 78
0 343 331 184
0 343 11758 13
0 344 345 40
0 344 346 38
0 344 374 317
0 345 344 40
0 345 11786 184
0 346 344 38
0 346 359 97
0 346 11788 126
0 347 332 42
0 347 353 67
0 347 377 157
0 348 321 135
0 348 355 52
0 348 360 46
0 349 350 468
0 349 362 526
0 349 372 374
0 349 13607 148
0 350 349 468
0 351 329 218
0 351 330 256
0 351 371 227
0 352 325 675
0 353 333 112
0 353 347 67
0 353 363 104
0 353 388 286
0 354 355 7
0 354 13131 7
0 354 13838 145
0 355 348 52
0 355 354 7
0 355 360 40
0 356 319 491
0 356 340 140
0 356 369 457
0 356 12416 41
0 357 329 227
0 357 367 101
0 357 373 162
0 358 340 66
0 358 365 508
0 358 449 1213
0 359 346 97
0 359 368 139
0 359 393 383
0 360 342 198
0 360 348 46
0 360 355 40
0 360 381 115
0 360 13131 35
0 361 268 395
0 361 387 167
0 362 349 526
0 363 353 104
0 364 339 1202
0 364 366 54
0 364 383 403
0 365 358 508
0 366 364 54
0 366 382 356
0 366 390 479
0 367 357 101
0 367 394 115
0 368 359 139
0 368 376 137
0 368 393 308
0 369 356 457
0 369 370 162
0 369 417 598
0 370 369 162
0 371 351 227
0 371 375 121
0 371 384 104
0 372 349 374
0 372 11862 179
0 372 11864 120
0 373 357 162
0 373 407 536
0 374 344 317
0 374 11769 122
0 374 12329 74
0 375 371 121
0 375 379 50
0 375 384 83
0 376 368 137
0 376 11769 131
0 376 11772 329
0 377 347 157
0 377 378 160
0 377 431 158
0 378 377 160
0 379 375 50
0 379 380 29
0 380 379 29
0 380 392 144
0 380 407 716
0 381 360 115
0 381 13835 207
0 381 13836 178
0 382 366 356
0 382 383 378
0 382 402 371
0 383 364 403
0 383 382 378
0 383 13258 2261
0 384 371 104
0 384 375 83
0 384 422 304
0 385 386 115
0 385 391 173
0 385 11861 374
0 386 385 115
0 387 361 167
0 387 396 58
0 388 338 419
0 388 353 286
0 388 424 203
0 389 390 126
0 389 395 83
0 389 402 241
0 390 366 479
0 390 389 126
0 390 395 155
0 390 426 788
0 391 385 173
0 391 400 119
0 391 11861 22
0 392 380 144
0 393 359 383
0 393 368 308
0 393 11772 117
0 394 367 115
0 394 419 71
0 394 12416 659
0 395 389 83
0 395 390 155
0 395 439 817
0 396 387 58
0 396 411 74
0 397 398 33
0 397 406 58
0 397 408 67
0 398 397 33
0 398 403 61
0 398 13260 418
0 399 269 3038
0 399 401 144
0 399 437 716
0 400 391 119
0 400 416 75
0 400 11862 3
0 401 399 144
0 402 382 371
0 402 389 241
0 402 413 209
0 403 398 61
0 403 408 54
0 403 13261 344
0 404 405 68
0 404 406 254
0 404 418 65
0 405 404 68
0 406 397 58
0 406 404 254
0 406 11706 26
0 407 373 536
0 407 380 716
0 407 460 893
0 408 397 67
0 408 403 54
0 408 11705 166
0 409 410 2077
0 409 423 198
0 409 430 562
0 410 208 4399
0 410 409 2077
0 410 13265 979
0 411 396 74
0 411 412 137
0 411 432 144
0 411 434 109
0 412 411 137
0 413 402 209
0 414 415 137
0 414 417 518
0 414 13329 5591
0 415 414 137
0 416 400 75
0 416 427 208
0 416 456 760
0 417 369 598
0 417 414 518
0 417 419 396
0 418 404 65
0 418 424 39
0 418 11704 39
0 419 394 71
0 419 417 396
0 419 444 107
0 420 421 70
0 420 422 59
0 420 425 83
0 421 420 70
0 421 12552 34
0 422 384 304
0 422 420 59
0 422 429 113
0 423 409 198
0 423 434 146
0 424 388 203
0 424 418 39
0 424 428 37
0 424 11702 139
0 425 420 83
0 425 436 155
0 425 451 301
0 426 390 788
0 427 416 208
0 427 11773 60
0 428 424 37
0 428 431 23
0 428 442 148
0 429 422 113
0 429 435 191
0 430 409 562
0 431 377 158
0 431 428 23
0 431 13273 48
0 432 411 144
0 432 433 234
0 432 440 430
0 433 432 234
0 434 411 109
0 434 423 146
0 434 448 126
0 435 429 191
0 436 425 155
0 436 441 266
0 437 399 716
0 438 445 140
0 438 21676 4079
0 438 25358 7
0 439 395 817
0 440 432 430
0 440 469 1595
0 441 436 266
0 442 428 148
0 442 443 34
0 442 447 92
0 443 442 34
0 444 419 107
0 444 463 90
0 444 13326 4489
0 445 438 140
0 445 446 1256
0 445 462 629
0 446 445 1256
0 447 442 92
0 447 453 36
0 447 13273 36
0 448 434 126
0 448 498 637
0 449 358 1213
0 449 450 3791
0 449 467 296
0 450 449 3791
0 451 425 301
0 451 452 41
0 451 461 158
0 452 451 41
0 452 454 45
0 452 11758 304
0 453 447 36
0 453 462 337
0 453 465 155
0 454 452 45
0 454 455 220
0 454 459 127
0 455 454 220
0 456 416 760
0 457 275 1470
0 457 458 53
0 457 11674 182
0 457 11675 116
0 458 339 736
0 458 457 53
0 458 13257 25
0 459 454 127
0 459 503 636
0 460 407 893
0 461 451 158
0 461 478 1498
0 462 445 629
0 462 453 337
0 463 444 90
0 463 464 83
0 463 13272 720
0 464 463 83
0 464 12553 385
0 465 453 155
0 465 466 122
0 465 475 247
0 466 465 122
0 466 490 288
0 466 11699 216
0 466 11702 540
0 467 449 296
0 467 468 338
0 467 493 286
0 468 467 338
0 468 12554 79
0 469 440 1595
0 469 470 2203
0 469 560 4126
0 470 469 2203
0 471 472 1904
0 471 493 3931
0 471 13907 810
0 472 471 1904
0 473 474 43
0 473 476 47
0 473 483 173
0 474 473 43
0 474 13839 270
0 474 13841 94
0 475 465 247
0 475 540 921
0 476 473 47
0 477 13913 475
0 477 21702 5645
0 477 21772 4680
0 478 461 1498
0 478 522 2052
0 478 541 2894
0 479 480 1123
0 479 486 533
0 479 13842 313
0 480 479 1123
0 481 482 155
0 482 481 155
0 482 488 223
0 482 13266 515
0 482 13564 227
0 483 473 173
0 483 484 85
0 483 13842 47
0 484 483 85
0 484 485 160
0 484 488 46
0 485 484 160
0 486 479 533
0 486 487 259
0 486 572 3924
0 487 486 259
0 488 482 223
0 488 484 46
0 488 13565 208
0 489 490 122
0 489 494 655
0 489 500 96
0 490 466 288
0 490 489 122
0 491 492 846
0 491 601 395
0 491 11675 259
0 492 491 846
0 493 467 286
0 493 471 3931
0 493 13906 106
0 494 489 655
0 495 497 70
0 496 501 104
0 496 13334 429
0 496 13906 175
0 497 495 70
0 497 499 194
0 497 502 85
0 498 448 637
0 498 520 918
0 498 527 251
0 499 497 194
0 499 501 56
0 499 502 110
0 500 489 96
0 500 505 15
0 500 13262 212
0 501 496 104
0 501 499 56
0 501 509 46
0 502 497 85
0 502 499 110
0 502 11589 94
0 503 459 636
0 503 504 245
0 503 517 215
0 504 503 245
0 505 500 15
0 505 542 619
0 505 11698 617
0 506 507 1152
0 506 508 1138
0 506 13572 1588
0 507 506 1152
0 508 506 1138
0 509 501 46
0 509 510 95
0 509 511 36
0 510 509 95
0 510 516 178
0 510 11589 23
0 511 509 36
0 511 512 196
0 511 11591 298
0 512 511 196
0 513 514 434
0 514 513 434
0 514 515 549
0 514 13913 198
0 515 514 549
0 515 518 143
0 515 13334 166
0 515 13912 89
0 516 510 178
0 516 519 67
0 516 521 153
0 517 503 215
0 517 525 183
0 517 14210 46
0 518 515 143
0 518 519 40
0 519 516 67
0 519 518 40
0 519 523 54
0 520 498 918
0 521 516 153
0 522 478 2052
0 523 519 54
0 523 524 31
0 523 528 97
0 524 523 31
0 524 559 328
0 524 13911 905
0 525 517 183
0 525 526 116
0 525 588 901
0 525 647 399
0 526 525 116
0 526 14209 29
0 526 14210 28
0 527 498 251
0 527 556 224
0 527 11655 860
0 527 11656 2538
0 528 523 97
0 529 532 3380
0 529 25358 911
0 530 531 738
0 530 538 83
0 531 530 738
0 532 529 3380
0 532 539 160
0 532 11523 83
0 533 534 1192
0 533 565 1138
0 533 13268 4334
0 534 533 1192
0 535 536 167
0 535 537 90
0 535 547 235
0 536 535 167
0 536 13572 1375
0 537 535 90
0 537 544 232
0 537 11591 133
0 538 530 83
0 538 11523 72
0 538 11551 207
0 539 532 160
0 539 540 39
0 539 11553 204
0 539 11554 931
0 540 475 921
0 540 539 39
0 541 478 2894
0 542 505 619
0 542 543 124
0 542 636 404
0 542 13833 317
0 543 542 124
0 544 537 232
0 544 545 191
0 544 552 113
0 545 544 191
0 545 546 81
0 545 548 68
0 546 545 81
0 547 535 235
0 547 558 139
0 547 11600 306
0 548 545 68
0 548 549 31
0 549 548 31
0 549 558 142
0 550 551 688
0 550 555 227
0 550 13833 821
0 551 550 688
0 552 544 113
0 552 661 3143
0 553 554 857
0 553 11879 106
0 553 13565 506
0 554 553 857
0 555 550 227
0 555 557 119
0 555 573 1231
0 556 527 224
0 556 608 193
0 556 13269 648
0 557 555 119
0 557 567 382
0 557 580 414
0 558 547 139
0 558 549 142
0 558 561 58
0 558 592 371
0 559 524 328
0 559 571 135
0 559 13908 265
0 559 13910 403
0 560 469 4126
0 560 599 1984
0 560 642 2228
0 561 558 58
0 562 563 2959
0 562 564 1498
0 562 588 173
0 562 589 574
0 563 562 2959
0 564 562 1498
0 565 533 1138
0 565 566 1094
0 565 593 410
0 566 565 1094
0 566 11656 1393
0 566 13843 724
0 567 557 382
0 567 568 583
0 567 597 616
0 568 567 583
0 569 570 56
0 569 576 135
0 569 590 187
0 569 13608 54
0 570 569 56
0 571 559 135
0 572 486 3924
0 572 581 58
0 573 555 1231
0 574 575 110
0 574 578 38
0 575 574 110
0 575 591 778
0 575 25387 1034
0 576 569 135
0 576 577 41
0 576 583 56
0 577 576 41
0 578 574 38
0 578 579 71
0 578 586 151
0 579 578 71
0 579 583 119
0 579 11551 410
0 580 557 414
0 580 584 310
0 580 585 101
0 581 572 58
0 581 582 18
0 581 589 45
0 582 581 18
0 582 594 62
0 582 11869 439
0 583 576 56
0 583 579 119
0 583 590 58
0 584 580 310
0 585 580 101
0 585 587 396
0 585 595 184
0 586 578 151
0 586 656 2455
0 587 585 396
0 588 525 901
0 588 562 173
0 588 589 253
0 589 562 574
0 589 581 45
0 589 588 253
0 590 569 187
0 590 583 58
0 590 596 142
0 590 612 374
0 591 575 778
0 591 600 180
0 591 624 1400
0 592 558 371
0 593 565 410
0 593 11878 378
0 593 11883 270
0 594 582 62
0 594 602 108
0 594 606 27
0 595 585 184
0 595 598 191
0 595 11695 630
0 596 590 142
0 596 603 210
0 596 609 110
0 596 11553 95
0 597 567 616
0 597 11696 846
0 597 13036 2113
0 598 595 191
0 599 560 1984
0 599 654 498
0 599 12965 5396
0 600 591 180
0 601 491 395
0 601 12338 320
0 602 594 108
0 603 596 210
0 603 604 115
0 603 615 194
0 604 603 115
0 604 633 648
0 605 606 133
0 605 640 3395
0 606 594 27
0 606 605 133
0 606 617 13
0 607 608 220
0 607 632 785
0 607 645 1141
0 608 556 193
0 608 607 220
0 608 13844 268
0 609 596 110
0 609 634 414
0 609 638 482
0 609 648 644
0 610 611 50
0 610 630 540
0 610 12338 450
0 610 12339 2531
0 611 610 50
0 611 12337 112
0 612 590 374
0 613 614 88
0 613 618 29
0 613 11882 79
0 614 613 88
0 614 11879 72
0 615 603 194
0 615 619 259
0 615 634 333
0 616 617 125
0 616 620 37
0 616 631 626
0 617 606 13
0 617 616 125
0 617 11869 302
0 618 613 29
0 618 620 237
0 618 622 55
0 619 615 259
0 620 616 37
0 620 618 237
0 620 657 1544
0 621 623 332
0 621 13843 99
0 621 13844 78
0 622 618 55
0 622 623 194
0 622 629 55
0 623 621 332
0 623 622 194
0 623 11883 302
0 624 591 1400
0 624 625 839
0 624 656 1501
0 624 11568 2653
0 625 624 839
0 626 627 1357
0 626 628 164
0 626 633 162
0 627 626 1357
0 627 11554 189
0 627 13832 95
0 628 626 164
0 629 622 55
0 629 637 96
0 629 11886 29
0 630 610 540
0 630 639 130
0 630 12335 295
0 630 12338 248
0 631 616 626
0 632 607 785
0 633 604 648
0 633 626 162
0 633 635 49
0 634 609 414
0 634 615 333
0 634 655 317
0 635 633 49
0 635 636 162
0 635 13031 1595
0 636 542 404
0 636 635 162
0 636 13035 3038
0 637 629 96
0 637 646 229
0 637 13845 197
0 638 609 482
0 638 683 2059
0 639 630 130
0 639 13011 8399
0 640 605 3395
0 640 641 1055
0 640 647 2322
0 641 640 1055
0 642 560 2228
0 642 649 44
0 642 650 66
0 642 11674 1096
0 643 644 331
0 644 643 331
0 644 11886 230
0 645 607 1141
0 645 658 1102
0 645 671 1300
0 646 637 229
0 647 525 399
0 647 640 2322
0 647 653 64
0 648 609 644
0 648 11432 59
0 649 642 44
0 649 669 195
0 650 642 66
0 650 664 116
0 651 652 371
0 651 13900 2736
0 651 13903 139
0 652 651 371
0 652 11600 43
0 653 647 64
0 653 686 8698
0 653 14196 102
0 654 599 498
0 654 674 212
0 655 634 317
0 655 659 180
0 655 660 148
0 656 586 2455
0 656 624 1501
0 656 683 1429
0 656 11568 2905
0 657 620 1544
0 657 720 3514
0 657 764 4478
0 658 645 1102
0 659 655 180
0 659 11556 119
0 660 655 148
0 660 11555 97
0 661 552 3143
0 662 663 103
0 662 675 461
0 662 12339 655
0 663 662 103
0 663 664 215
0 664 650 116
0 664 663 215
0 664 670 11
0 665 666 32
0 665 687 191
0 665 11887 760
0 666 665 32
0 666 671 1526
0 666 13845 44
0 667 668 468
0 667 680 1163
0 667 682 760
0 668 667 468
0 669 649 195
0 669 670 175
0 669 674 76
0 669 684 195
0 670 664 11
0 670 669 175
0 670 677 176
0 671 645 1300
0 671 666 1526
0 671 694 1627
0 672 673 2578
0 672 766 4162
0 672 11568 1786
0 673 672 2578
0 674 654 212
0 674 669 76
0 674 676 86
0 675 662 461
0 676 674 86
0 676 684 279
0 676 685 500
0 677 670 176
0 677 11664 47
0 678 679 29
0 678 13901 329
0 678 13902 188
0 679 678 29
0 679 13899 119
0 679 13900 283
0 680 667 1163
0 680 681 346
0 680 691 1238
0 681 680 346
0 682 667 760
0 682 685 403
0 683 638 2059
0 683 656 1429
0 683 704 1494
0 683 763 4273
0 684 669 195
0 684 676 279
0 684 697 248
0 685 676 500
0 685 682 403
0 685 689 203
0 686 653 8698
0 686 795 5803
0 686 12947 7304
0 687 665 191
0 687 719 355
0 688 690 3301
0 689 685 203
0 689 697 373
0 689 698 412
0 690 688 3301
0 690 794 583
0 690 11663 101
0 691 680 1238
0 691 698 220
0 692 693 12
0 692 735 162
0 692 14204 11
0 693 692 12
0 693 14194 104
0 693 14204 15
0 694 671 1627
0 694 708 274
0 695 696 88
0 695 753 1458
0 695 13905 79
0 696 695 88
0 696 13903 536
0 696 13904 65
0 697 684 248
0 697 689 373
0 697 707 75
0 697 712 139
0 698 689 412
0 698 691 220
0 698 706 148
0 699 700 1674
0 699 701 252
0 699 713 428
0 700 699 1674
0 701 699 252
0 702 703 1541
0 702 705 164
0 703 702 1541
0 703 12965 1980
0 704 683 1494
0 704 11432 88
0 704 13532 15
0 704 13533 10
0 705 702 164
0 705 708 77
0 705 13584 104
0 706 698 148
0 706 709 112
0 707 697 75
0 707 13847 1272
0 708 694 274
0 708 705 77
0 708 710 346
0 709 706 112
0 710 708 346
0 710 711 176
0 710 718 94
0 711 710 176
0 711 11887 878
0 712 697 139
0 712 723 875
0 712 13007 135
0 713 699 428
0 713 719 171
0 714 715 580
0 714 716 144
0 714 721 113
0 715 714 580
0 715 739 141
0 715 13902 242
0 716 714 144
0 716 717 254
0 716 721 76
0 717 716 254
0 717 724 551
0 718 710 94
0 718 722 236
0 718 727 139
0 719 687 355
0 719 713 171
0 719 722 43
0 720 657 3514
0 720 729 378
0 720 13848 353
0 721 714 113
0 721 716 76
0 721 12975 644
0 722 718 236
0 722 719 43
0 722 733 136
0 723 712 875
0 724 717 551
0 725 726 95
0 725 12911 2326
0 726 725 95
0 726 742 306
0 726 13584 178
0 727 718 139
0 727 728 101
0 727 733 88
0 728 727 101
0 729 720 378
0 729 732 839
0 729 748 1274
0 730 731 1706
0 730 744 1678
0 730 795 2455
0 731 730 1706
0 732 729 839
0 733 722 136
0 733 727 88
0 733 734 8
0 734 733 8
0 734 737 119
0 734 740 119
0 735 692 162
0 735 736 14
0 735 745 14
0 736 735 14
0 736 10785 13
0 736 13848 115
0 737 734 119
0 737 738 110
0 737 743 83
0 738 737 110
0 738 742 387
0 738 12072 38
0 739 715 141
0 739 12974 325
0 739 13905 163
0 740 734 119
0 740 741 24
0 741 740 24
0 741 754 152
0 742 726 306
0 742 738 387
0 742 746 112
0 743 737 83
0 743 13563 132
0 744 730 1678
0 744 745 194
0 744 747 142
0 745 735 14
0 745 744 194
0 745 10785 12
0 746 742 112
0 746 12966 3359
0 747 744 142
0 747 750 153
0 747 12059 520
0 748 729 1274
0 748 749 371
0 748 751 320
0 748 752 313
0 749 748 371
0 750 747 153
0 750 762 362
0 750 769 457
0 751 748 320
0 752 748 313
0 753 695 1458
0 754 741 152
0 754 755 252
0 754 758 11
0 754 12309 112
0 755 754 252
0 755 756 288
0 755 757 72
0 756 755 288
0 757 755 72
0 758 754 11
0 758 768 76
0 758 12310 479
0 759 760 160
0 759 761 61
0 759 802 285
0 759 14101 76
0 760 759 160
0 761 759 61
0 761 762 194
0 761 774 238
0 762 750 362
0 762 761 194
0 762 789 371
0 763 683 4273
0 763 776 333
0 764 657 4478
0 764 777 151
0 765 766 666
0 765 785 218
0 766 672 4162
0 766 765 666
0 766 767 1328
0 767 766 1328
0 767 776 144
0 768 758 76
0 768 771 16
0 769 750 457
0 769 770 144
0 769 783 175
0 770 769 144
0 771 768 16
0 771 772 234
0 771 773 7
0 772 771 234
0 773 771 7
0 773 775 30
0 774 761 238
0 774 788 149
0 775 773 30
0 775 834 368
0 775 12068 70
0 776 763 333
0 776 767 144
0 776 782 56
0 777 764 151
0 777 778 52
0 777 793 178
0 778 777 52
0 778 834 558
0 778 12068 310
0 779 780 190
0 779 792 356
0 779 13533 393
0 780 779 190
0 780 781 237
0 780 818 680
0 781 780 237
0 781 799 161
0 782 776 56
0 782 799 144
0 782 800 295
0 783 769 175
0 783 784 148
0 783 789 164
0 784 783 148
0 784 822 322
0 784 12059 119
0 785 765 218
0 785 790 124
0 785 801 185
0 786 787 2092
0 786 806 3143
0 786 807 533
0 787 786 2092
0 788 774 149
0 788 805 155
0 789 762 371
0 789 783 164
0 789 808 139
0 790 785 124
0 790 791 173
0 791 790 173
0 792 779 356
0 792 803 1526
0 792 818 1883
0 793 777 178
0 793 802 218
0 793 851 583
0 794 690 583
0 794 796 6
0 794 797 50
0 795 686 5803
0 795 730 2455
0 795 813 403
0 796 794 6
0 796 812 154
0 797 794 50
0 797 809 83
0 798 815 68
0 798 21979 1127
0 798 22087 5454
0 799 781 161
0 799 782 144
0 799 816 349
0 799 820 200
0 800 782 295
0 800 801 160
0 800 810 115
0 801 785 185
0 801 800 160
0 801 810 110
0 802 759 285
0 802 793 218
0 802 856 186
0 803 792 1526
0 803 804 940
0 803 13050 2128
0 804 803 940
0 804 13532 550
0 804 25881 1301
0 805 788 155
0 805 819 146
0 805 12067 211
0 806 786 3143
0 806 831 842
0 806 12947 875
0 807 786 533
0 808 789 139
0 808 824 148
0 808 12067 41
0 809 797 83
0 809 830 504
0 810 800 115
0 810 801 110
0 810 820 85
0 811 821 3341
0 812 796 154
0 812 821 223
0 812 836 175
0 813 795 403
0 813 814 44
0 813 14187 148
0 814 813 44
0 814 828 205
0 814 829 48
0 815 798 68
0 815 839 163
0 815 864 2732
0 816 799 349
0 816 817 517
0 816 843 266
0 817 816 517
0 817 818 544
0 818 780 680
0 818 792 1883
0 818 817 544
0 819 805 146
0 819 826 104
0 819 12066 31
0 820 799 200
0 820 810 85
0 820 879 180
0 821 811 3341
0 821 812 223
0 821 836 320
0 822 784 322
0 822 823 139
0 822 12058 130
0 823 822 139
0 823 824 5
0 823 835 277
0 824 808 148
0 824 823 5
0 824 825 74
0 825 824 74
0 825 826 54
0 825 12066 115
0 826 819 104
0 826 825 54
0 826 856 444
0 827 828 875
0 827 837 153
0 828 814 205
0 828 827 875
0 828 832 200
0 829 814 48
0 829 837 96
0 830 809 504
0 830 838 248
0 830 11046 47
0 831 806 842
0 831 832 94
0 831 869 1858
0 832 828 200
0 832 831 94
0 832 841 166
0 832 917 1140
0 833 839 95
0 833 844 316
0 833 13896 400
0 834 775 368
0 834 778 558
0 834 840 52
0 835 823 277
0 835 12555 94
0 836 812 175
0 836 821 320
0 836 858 96
0 837 827 153
0 837 829 96
0 837 857 119
0 838 830 248
0 838 872 488
0 839 815 163
0 839 833 95
0 839 11714 806
0 840 834 52
0 840 846 46
0 840 859 73
0 841 832 166
0 841 842 522
0 841 853 241
0 842 841 522
0 843 816 266
0 843 899 1926
0 844 833 316
0 844 845 210
0 844 849 43
0 844 11710 157
0 845 844 210
0 845 13908 1216
0 846 840 46
0 846 851 22
0 846 13586 104
0 847 848 230
0 847 874 151
0 847 13562 77
0 848 847 230
0 849 844 43
0 849 850 250
0 849 852 364
0 850 849 250
0 851 793 583
0 851 846 22
0 851 854 39
0 852 849 364
0 852 12971 166
0 853 841 241
0 853 873 400
0 854 851 39
0 854 855 35
0 854 12070 101
0 855 854 35
0 855 856 33
0 855 893 248
0 856 802 186
0 856 826 444
0 856 855 33
0 857 837 119
0 857 866 214
0 857 871 179
0 858 836 96
0 858 862 42
0 858 865 47
0 859 840 73
0 859 896 201
0 860 861 131
0 860 12302 108
0 860 12303 452
0 861 860 131
0 862 858 42
0 862 863 31
0 862 865 40
0 863 862 31
0 863 865 37
0 863 867 95
0 864 815 2732
0 865 858 47
0 865 862 40
0 865 863 37
0 865 872 69
0 866 857 214
0 866 12945 1372
0 867 863 95
0 867 935 679
0 868 870 65
0 868 12070 763
0 868 13586 117
0 869 831 1858
0 870 868 65
0 871 857 179
0 871 876 193
0 871 883 148
0 872 838 488
0 872 865 69
0 872 881 338
0 872 884 320
0 873 853 400
0 873 877 180
0 873 883 443
0 874 847 151
0 874 875 1390
0 874 880 23
0 875 874 1390
0 876 871 193
0 877 873 180
0 877 882 182
0 877 902 310
0 878 879 357
0 878 11430 219
0 878 25769 175
0 879 820 180
0 879 878 357
0 880 874 23
0 880 891 130
0 880 12071 119
0 881 872 338
0 881 903 652
0 882 877 182
0 882 887 540
0 883 871 148
0 883 873 443
0 883 901 110
0 884 872 320
0 884 13010 206
0 885 886 544
0 885 904 551
0 885 945 1346
0 886 885 544
0 886 891 241
0 886 13846 96
0 887 882 540
0 887 890 583
0 887 894 292
0 888 889 61
0 888 908 109
0 888 13535 74
0 889 888 61
0 889 13031 649
0 890 887 583
0 891 880 130
0 891 886 241
0 891 895 67
0 892 893 148
0 892 900 56
0 892 12040 131
0 892 12922 65
0 893 855 248
0 893 892 148
0 893 12302 157
0 894 887 292
0 894 902 121
0 895 891 67
0 895 896 39
0 895 12071 10
0 896 859 201
0 896 895 39
0 896 13859 50
0 897 898 288
0 898 897 288
0 898 938 904
0 898 13535 680
0 899 843 1926
0 900 892 56
0 900 916 80
0 900 919 497
0 901 883 110
0 901 907 60
0 901 912 198
0 902 877 310
0 902 894 121
0 902 905 65
0 902 906 70
0 903 881 652
0 904 885 551
0 905 902 65
0 905 906 94
0 905 13587 299
0 906 902 70
0 906 905 94
0 906 910 13
0 907 901 60
0 907 915 56
0 907 924 265
0 908 888 109
0 908 909 392
0 908 932 379
0 909 908 392
0 909 911 202
0 910 906 13
0 910 12946 1480
0 911 909 202
0 912 901 198
0 912 915 65
0 912 13587 104
0 913 914 130
0 913 918 50
0 913 943 810
0 914 913 130
0 915 907 56
0 915 912 65
0 915 928 146
0 916 900 80
0 916 919 130
0 916 920 76
0 917 832 1140
0 917 947 142
0 917 13560 482
0 918 913 50
0 918 921 259
0 918 933 301
0 919 900 497
0 919 916 130
0 919 922 238
0 920 916 76
0 920 931 49
0 920 949 168
0 921 918 259
0 921 926 74
0 921 942 380
0 922 919 238
0 922 927 83
0 923 924 53
0 923 925 40
0 923 12945 702
0 924 907 265
0 924 923 53
0 925 923 40
0 925 958 276
0 925 1006 423
0 926 921 74
0 926 929 47
0 926 12300 40
0 927 922 83
0 928 915 146
0 928 1067 5897
0 929 926 47
0 929 930 31
0 929 936 79
0 930 929 31
0 930 931 131
0 930 12301 166
0 931 920 49
0 931 930 131
0 931 936 338
0 932 908 379
0 932 937 77
0 932 950 414
0 933 918 301
0 933 944 218
0 933 948 173
0 934 935 6
0 934 941 176
0 935 867 679
0 935 934 6
0 935 13032 3622
0 935 13033 1458
0 936 929 79
0 936 931 338
0 936 940 59
0 937 932 77
0 937 938 14
0 937 939 25
0 938 898 904
0 938 937 14
0 938 13011 409
0 939 937 25
0 939 941 71
0 939 950 634
0 940 936 59
0 940 949 124
0 940 12920 337
0 941 934 176
0 941 939 71
0 941 957 103
0 942 921 380
0 942 948 126
0 942 960 180
0 943 913 810
0 943 944 8
0 943 12036 120
0 944 933 218
0 944 943 8
0 944 956 107
0 945 885 1346
0 945 946 684
0 945 13849 349
0 946 945 684
0 947 917 142
0 947 984 1202
0 947 13887 379
0 948 933 173
0 948 942 126
0 948 956 171
0 949 920 168
0 949 940 124
0 949 951 46
0 950 932 414
0 950 939 634
0 950 955 353
0 951 949 46
0 951 961 157
0 951 962 138
0 952 953 2797
0 952 954 1120
0 952 987 1307
0 952 22213 3658
0 953 952 2797
0 953 988 2700
0 953 11714 518
0 954 952 1120
0 955 950 353
0 955 972 896
0 956 944 107
0 956 948 171
0 956 964 126
0 957 941 103
0 957 966 62
0 958 925 276
0 958 959 188
0 959 958 188
0 959 963 157
0 959 12036 92
0 960 942 180
0 960 964 250
0 960 965 331
0 960 12920 70
0 961 951 157
0 962 951 138
0 962 965 89
0 962 979 298
0 963 959 157
0 963 967 162
0 963 12037 311
0 964 956 126
0 964 960 250
0 964 968 80
0 965 960 331
0 965 962 89
0 965 968 174
0 966 957 62
0 966 1015 178
0 966 13012 4529
0 967 963 162
0 967 986 1379
0 968 964 80
0 968 965 174
0 968 993 359
0 969 970 50
0 969 971 335
0 969 973 151
0 970 969 50
0 970 12029 144
0 971 969 335
0 971 12033 137
0 972 955 896
0 973 969 151
0 973 974 144
0 973 985 198
0 974 973 144
0 974 980 223
0 974 994 163
0 974 12030 49
0 975 976 250
0 975 994 814
0 975 12910 428
0 976 975 250
0 976 12028 115
0 976 12029 263
0 977 978 342
0 977 979 4
0 977 992 922
0 977 1082 1111
0 978 977 342
0 979 962 298
0 979 977 4
0 980 974 223
0 980 981 130
0 980 990 124
0 981 980 130
0 982 983 131
0 982 1001 1562
0 983 982 131
0 983 993 272
0 983 12037 23
0 984 947 1202
0 985 973 198
0 986 967 1379
0 986 1006 2610
0 986 1008 875
0 987 952 1307
0 988 953 2700
0 988 989 1595
0 988 1032 3182
0 989 988 1595
0 990 980 124
0 990 991 43
0 990 996 229
0 991 990 43
0 991 1011 212
0 992 977 922
0 993 968 359
0 993 983 272
0 993 995 49
0 993 997 691
0 994 974 163
0 994 975 814
0 994 1000 45
0 995 993 49
0 995 1005 212
0 995 14177 308
0 996 990 229
0 997 993 691
0 998 999 204
0 998 1047 494
0 998 11683 414
0 999 998 204
0 999 1028 641
0 999 11670 238
0 999 13892 284
0 1000 994 45
0 1000 1016 76
0 1000 12909 95
0 1001 982 1562
0 1002 1003 644
0 1002 1007 194
0 1002 1012 130
0 1003 1002 644
0 1004 1005 302
0 1004 1042 1346
0 1004 12960 3715
0 1005 995 212
0 1005 1004 302
0 1005 1013 256
0 1006 925 423
0 1006 986 2610
0 1006 12954 895
0 1007 1002 194
0 1007 1012 238
0 1007 12910 2873
0 1008 986 875
0 1009 1010 256
0 1009 12909 191
0 1010 1009 256
0 1010 1011 702
0 1010 1105 6358
0 1011 991 212
0 1011 1010 702
0 1011 13856 2023
0 1012 1002 130
0 1012 1007 238
0 1012 1020 374
0 1013 1005 256
0 1013 1018 180
0 1013 1019 266
0 1014 1015 1166
0 1015 966 178
0 1015 1014 1166
0 1015 1092 1342
0 1016 1000 76
0 1016 1017 132
0 1016 1031 91
0 1017 1016 132
0 1017 1026 109
0 1017 11983 562
0 1018 1013 180
0 1018 1023 155
0 1018 11981 122
0 1019 1013 266
0 1020 1012 374
0 1021 1022 3006
0 1021 1041 947
0 1021 13852 1042
0 1022 1021 3006
0 1023 1018 155
0 1023 1024 158
0 1023 1025 43
0 1024 1023 158
0 1025 1023 43
0 1025 1029 166
0 1025 11981 83
0 1026 1017 109
0 1026 1027 227
0 1026 12967 242
0 1027 1026 227
0 1028 999 641
0 1028 1030 70
0 1028 13893 131
0 1029 1025 166
0 1030 1028 70
0 1030 1032 128
0 1030 1052 529
0 1031 1016 91
0 1031 1033 239
0 1031 1040 64
0 1032 988 3182
0 1032 1030 128
0 1032 22238 5483
0 1033 1031 239
0 1034 1035 680
0 1034 1036 400
0 1034 1054 1393
0 1035 1034 680
0 1036 1034 400
0 1037 1038 381
0 1037 1039 106
0 1037 1046 207
0 1038 1037 381
0 1038 13887 79
0 1038 13889 182
0 1039 1037 106
0 1039 12978 144
0 1039 13886 369
0 1040 1031 64
0 1040 1051 93
0 1040 12967 835
0 1041 1021 947
0 1041 10037 32
0 1041 13010 383
0 1042 1004 1346
0 1043 1044 19
0 1043 1045 788
0 1043 13828 497
0 1044 1043 19
0 1044 25876 152
0 1045 1043 788
0 1046 1037 207
0 1046 1048 77
0 1046 1053 207
0 1047 998 494
0 1047 1050 136
0 1047 1052 99
0 1048 1046 77
0 1048 1049 288
0 1048 1057 221
0 1049 1048 288
0 1049 1050 490
0 1049 1057 254
0 1050 1047 136
0 1050 1049 490
0 1050 1061 234
0 1051 1040 93
0 1051 13855 124
0 1052 1030 529
0 1052 1047 99
0 1052 1056 65
0 1053 1046 207
0 1053 1055 227
0 1053 1071 1602
0 1054 1034 1393
0 1054 1062 871
0 1054 12946 3812
0 1055 1053 227
0 1056 1052 65
0 1056 1064 166
0 1057 1048 221
0 1057 1049 254
0 1057 1061 174
0 1058 1059 1138
0 1058 1060 760
0 1058 1065 493
0 1059 1058 1138
0 1060 1058 760
0 1061 1050 234
0 1061 1057 174
0 1061 1063 66
0 1062 1054 871
0 1063 1061 66
0 1063 1064 62
0 1064 1056 166
0 1064 1063 62
0 1064 1079 559
0 1064 22277 851
0 1065 1058 493
0 1065 1066 193
0 1065 13827 191
0 1066 1065 193
0 1066 13031 1200
0 1066 13828 329
0 1067 928 5897
0 1068 1069 356
0 1069 1068 356
0 1069 12079 956
0 1069 14179 138
0 1070 22262 2664
0 1071 1053 1602
0 1072 1073 490
0 1072 1077 30
0 1072 13559 243
0 1073 1072 490
0 1074 1075 2254
0 1074 1076 41
0 1074 1083 355
0 1075 1074 2254
0 1076 1074 41
0 1076 1086 1422
0 1076 1126 973
0 1077 1072 30
0 1077 1078 1123
0 1077 1080 124
0 1078 1077 1123
0 1079 1064 559
0 1079 1120 458
0 1079 1139 1922
0 1080 1077 124
0 1080 1084 13
0 1081 1082 156
0 1081 1083 73
0 1081 1085 89
0 1082 977 1111
0 1082 1081 156
0 1083 1074 355
0 1083 1081 73
0 1084 1080 13
0 1084 1098 192
0 1085 1081 89
0 1085 1089 295
0 1085 12080 259
0 1086 1076 1422
0 1087 1088 57
0 1087 1092 656
0 1087 1100 637
0 1088 1087 57
0 1088 12969 13903
0 1088 12970 866
0 1089 1085 295
0 1089 12950 3877
0 1090 1091 32
0 1090 13823 188
0 1090 13826 290
0 1091 1090 32
0 1091 13824 1793
0 1091 13825 432
0 1092 1015 1342
0 1092 1087 656
0 1092 1093 88
0 1093 1092 88
0 1093 1240 1113
0 1093 13548 292
0 1093 13821 120
0 1094 1095 585
0 1094 1099 153
0 1094 1114 643
0 1095 1094 585
0 1095 12968 1148
0 1096 1097 259
0 1096 1098 407
0 1096 1101 533
0 1097 1096 259
0 1098 1084 192
0 1098 1096 407
0 1098 1101 30
0 1099 1094 153
0 1099 1106 500
0 1100 1087 637
0 1100 1119 1364
0 1100 1194 3262
0 1101 1096 533
0 1101 1098 30
0 1101 1108 121
0 1102 1103 418
0 1102 1104 115
0 1103 1102 418
0 1104 1102 115
0 1104 1105 481
0 1104 1143 1404
0 1105 1010 6358
0 1105 1104 481
0 1106 1099 500
0 1106 1112 308
0 1107 1136 1055
0 1107 13826 835
0 1107 26062 1602
0 1108 1101 121
0 1108 1109 17
0 1108 14346 160
0 1109 1108 17
0 1109 11055 51
0 1109 12923 643
0 1110 1111 151
0 1111 1110 151
0 1111 1158 1559
0 1111 12986 2264
0 1112 1106 308
0 1112 1113 34
0 1112 1114 145
0 1113 1112 34
0 1113 1116 168
0 1113 1129 202
0 1114 1094 643
0 1114 1112 145
0 1114 1115 115
0 1115 1114 115
0 1115 1117 41
0 1115 11057 14
0 1116 1113 168
0 1116 1122 37
0 1116 1130 320
0 1117 1115 41
0 1117 1118 367
0 1117 1133 162
0 1118 1117 367
0 1118 1121 92
0 1118 1128 243
0 1119 1100 1364
0 1120 1079 458
0 1120 1142 1926
0 1120 1158 287
0 1121 1118 92
0 1122 1116 37
0 1122 1123 421
0 1122 1134 160
0 1123 1122 421
0 1123 1127 41
0 1123 1135 108
0 1124 1125 117
0 1124 1149 263
0 1124 12080 444
0 1125 1124 117
0 1126 1076 973
0 1126 1132 61
0 1127 1123 41
0 1127 1135 209
0 1127 12969 513
0 1128 1118 243
0 1129 1113 202
0 1129 1130 461
0 1129 11054 511
0 1130 1116 320
0 1130 1129 461
0 1130 1134 349
0 1131 1132 28
0 1131 1156 362
0 1131 12077 14
0 1131 12078 34
0 1132 1126 61
0 1132 1131 28
0 1132 12914 214
0 1133 1117 162
0 1133 11047 31
0 1133 11054 142
0 1134 1122 160
0 1134 1130 349
0 1134 1137 24
0 1135 1123 108
0 1135 1127 209
0 1135 1137 29
0 1136 1107 1055
0 1136 26148 878
0 1137 1134 24
